   2.0000000e+00  -1.4892073e-01  -2.7286469e+00   4.9444359e-01  -4.0701206e-01   8.5869827e-01  -1.1150392e+00  -1.3902164e-01   1.0139169e+00   9.5697756e-01   1.0777834e-01
   1.0000000e+00   1.0212476e-01  -1.7362082e-01  -8.9083689e-01  -1.0542138e-01  -5.1768382e-01  -1.7097734e-01  -3.1323922e-01   1.1543058e-01   6.1552657e-01   5.6077611e-01
   2.0000000e+00   1.5231733e+00   4.8964790e-01  -1.6681637e+00   1.5143719e+00   3.0060820e-01  -8.7896137e-01  -1.4800590e+00  -9.0475871e-01   9.7761443e-01   9.8939021e-01
   2.0000000e+00  -3.2067616e-01   2.9446386e-01   1.0771880e+00  -1.1319410e+00   2.4213098e-01  -1.0570927e+00  -2.5046794e-02   1.8795808e-01  -6.9703749e-01  -5.2297014e-01
   1.0000000e+00   5.7590658e-01  -4.8295038e-01   5.7810351e-02   1.2727469e+00   2.8891648e-01   2.3549592e-01   1.4448357e+00  -4.1813352e-01  -1.0580913e-02  -5.8385460e-01
   2.0000000e+00   1.7285167e+00   1.6281726e+00  -8.3319909e-01   5.9425021e-02  -4.9733837e-01  -3.3800140e-01   8.6009001e-03   1.6786236e+00  -5.4545041e-01   7.8013335e-01
   1.0000000e+00   5.6795835e-01   1.1667610e+00   8.8994869e-01   1.1833962e+00   2.3543529e+00   2.3424162e-01   1.0402826e+00   7.4019445e-01   1.3406104e+00   5.8619773e-01
   2.0000000e+00  -5.2988909e-01   1.9475414e-01   1.0917990e+00   1.1350128e+00   7.4645100e-01   3.6014705e-01  -5.3796995e-02  -6.4250264e-01  -2.1669013e-01   2.6635506e-01
   2.0000000e+00  -1.2169166e+00  -2.1976245e+00   5.8158972e-01   9.4377147e-02   5.9918803e-01   1.1898627e+00   8.3879167e-01  -1.1002204e+00   7.2681633e-01  -7.7465372e-01
   2.0000000e+00  -7.3640556e-01   1.0946136e+00   2.0323537e-01  -2.1067206e-01   9.0993452e-01  -3.9730934e-02  -7.1145993e-02  -5.9161128e-01  -3.6446281e-01   1.8057055e+00
   2.0000000e+00  -6.8655146e-01  -5.6678214e-02   8.7898673e-01   1.2423348e+00  -3.8237484e-01  -5.1281181e-01  -9.8929501e-01  -4.5038069e-01   6.3164035e-01   1.1730433e+00
   2.0000000e+00   1.4206697e+00   6.6205219e-01  -1.3180399e+00   8.0361422e-01   1.1601607e+00  -1.5234705e+00  -1.2046750e+00   9.6785845e-01   5.7649741e-02   4.3740730e-01
   2.0000000e+00  -3.9140586e-01   8.8688346e-01  -8.3750433e-01   1.2325816e+00   8.0024516e-01  -1.0450031e+00   1.9932950e+00   2.3538972e-01  -1.5154708e+00  -2.2927573e-01
   1.0000000e+00   1.2129730e-01  -3.1355219e-01   1.8101227e-01  -3.4126622e-01  -2.1129826e-01   9.7216622e-02  -1.4659659e-01  -4.0360480e-01  -4.4482993e-02   9.7904759e-02
   2.0000000e+00  -1.1023590e+00   1.2860419e-01  -4.7516420e-01   4.0007662e-01   1.1364235e+00  -2.0417502e+00  -4.5243296e-01  -4.5923908e-01  -1.4702742e+00  -5.3128747e-01
   2.0000000e+00   2.6533754e-02   1.2072917e+00  -1.0258037e+00  -6.1115618e-01  -1.8588353e+00  -1.0780645e+00   1.3362980e-01   1.0658482e-01  -3.2527931e-01  -1.6026484e+00
   2.0000000e+00  -2.1245929e-01   5.1970462e-01  -2.8115784e+00  -8.4078120e-01  -1.1682209e-01  -3.0892484e-01   7.9256372e-01  -3.7025167e-01  -2.0146325e+00   2.1872774e-01
   1.0000000e+00   8.7066022e-02  -8.2777956e-01   6.4897217e-01  -8.4210313e-01  -1.7367948e+00   3.0770315e-01   3.6040908e-01   2.8137517e-01  -1.1820414e+00  -8.0014009e-01
   2.0000000e+00   8.5026599e-01  -2.0240036e+00   1.0859583e+00   1.0190353e+00   7.3428854e-01  -2.2729465e+00  -6.3392210e-01  -1.1538927e+00  -7.6872867e-01   1.5255166e+00
   2.0000000e+00  -3.9501692e-02  -1.9514316e-01   1.9305235e+00  -1.3205138e+00   2.3602395e-01   1.0086657e+00  -2.8017361e-02   8.5727930e-01  -9.3447048e-02   1.0554310e+00
   1.0000000e+00   1.3577811e-01  -3.5702408e-01   6.1357213e-02   6.2718180e-01   3.8068400e-01   3.2475662e-01   6.8013362e-01   9.3852744e-01   6.8843272e-01   7.1660983e-01
   2.0000000e+00   3.7410121e-01   1.1382113e-01  -5.8534320e-01   8.9929455e-01   9.2175848e-01  -1.4922985e+00  -8.7256590e-01  -1.5304069e-01   1.5094280e+00   4.5873520e-01
   2.0000000e+00  -3.2456732e-01   1.2210080e-01   4.3905142e-01   1.9632713e-01  -3.1949625e-01   2.3457012e-01  -1.3820069e-01  -9.8555349e-01   9.0763890e-01  -1.1080905e+00
   2.0000000e+00   1.1063505e+00  -9.6630283e-01  -9.3703975e-02   2.0961650e+00   7.2295107e-01  -9.5289828e-01   7.2994625e-01  -1.2045468e+00  -2.3101977e-01  -2.1900795e+00
   2.0000000e+00   7.4366503e-01   9.2194357e-01  -6.9592756e-01   5.2717292e-01  -1.7889973e-01  -2.6065083e+00   2.1620942e-01   9.5907536e-01   3.0457696e-01   5.3752255e-01
   2.0000000e+00   3.2193686e-01   1.0868220e-02   1.3719519e-01  -2.6876457e-01  -3.9746533e-01  -1.2503602e+00  -4.3198420e-01  -6.1332310e-01   1.2642915e+00   3.3536647e-02
   2.0000000e+00   3.9241459e-02   5.8840521e-01  -8.7047544e-01   1.3329358e+00   1.7462556e+00   2.0112906e+00   8.1809000e-02  -5.9580826e-01  -6.7747891e-01  -1.4681241e+00
   2.0000000e+00  -1.1350903e+00   1.3705507e-01   1.4743648e+00  -1.1200147e+00  -5.0390770e-01  -7.5313641e-01  -1.8329013e+00  -3.4435026e-01  -5.1296048e-02   6.8175436e-01
   2.0000000e+00  -5.2854028e-01   9.0054441e-01   4.4377760e-01  -2.0953400e+00  -8.7328824e-01  -1.7868949e-01   4.9975707e-01   2.3372907e+00   1.0657470e+00   3.2900990e-01
   2.0000000e+00  -1.2844414e+00   9.1074156e-01  -9.9037539e-02  -1.2681116e-01  -6.2379863e-01   8.9688670e-01   1.2601076e+00  -8.8064115e-01   1.2077252e+00  -8.0165498e-02
   2.0000000e+00  -2.4329382e-02   6.7815859e-01  -1.1348871e+00  -1.6433247e-01  -2.1626920e-01   7.1642274e-01   3.1416351e-01   1.2229635e+00  -1.1734907e+00  -6.0224582e-01
   2.0000000e+00  -1.4279133e+00  -1.4263965e+00  -1.0104303e+00   9.2342775e-01   1.4760981e+00  -1.4262704e+00  -1.1850551e+00  -5.7206751e-02   1.8318890e+00   2.6953778e-01
   2.0000000e+00  -3.0678050e-01  -1.5146308e-02  -1.1160376e+00   6.1678037e-01   4.9544681e-01  -4.5553356e-01  -9.7420924e-01  -6.6627916e-01   1.8509685e+00  -3.1320853e-02
   2.0000000e+00  -1.3771244e+00   1.5553802e+00   3.7765778e-01   1.7529909e+00  -1.2045266e+00  -1.5066344e+00   2.4363473e-01   1.9478918e+00  -3.0751059e-01   2.4422264e+00
   1.0000000e+00   1.2298573e-01   7.7866227e-01  -1.4467560e-01   9.9498139e-01   1.8629542e+00   6.0775563e-01   4.1654491e-02   1.0539141e+00  -5.4956324e-01  -4.2326847e-01
   2.0000000e+00   3.1623783e-01  -6.1197510e-01  -7.3479762e-01  -1.4592564e-01  -1.4580876e+00  -1.1865086e+00  -6.2457665e-01   1.3063998e-01   9.9083322e-01   1.0806219e+00
   2.0000000e+00   6.8632949e-01  -2.5189590e+00  -1.6378490e+00  -1.8414825e-01  -3.1218981e-01   8.0811692e-01  -2.5992660e-01   1.6541029e-01   3.6813468e-01  -3.7864009e-01
   2.0000000e+00  -9.3332869e-01  -7.7780419e-01   1.4334439e+00  -7.2071787e-01  -9.3799907e-01  -3.4373883e-02  -9.7805554e-01   1.0954816e+00  -3.7756043e-01  -6.8708738e-01
   1.0000000e+00   9.3646866e-01   7.6590025e-01   9.5277582e-02   8.7576395e-01  -7.2870319e-01   1.4894311e-01   1.3347726e+00   1.5370739e+00  -7.9360988e-01   1.3858894e+00
   2.0000000e+00  -7.2254274e-02  -5.8068430e-02   1.2883577e-01   6.7291470e-01  -3.3687770e-01  -1.3504802e+00   1.1516033e+00  -2.3461920e-02   1.4344264e+00  -1.3575216e+00
   2.0000000e+00   1.3558196e+00  -1.0285826e+00  -1.1872842e-01   7.6199680e-01  -3.7103878e-01   5.0146191e-01  -1.2773815e+00   6.3610150e-02   1.8749645e+00   4.7507790e-01
   1.0000000e+00   7.8758479e-01  -1.1216344e-01   6.3164694e-01  -1.2655418e-01   9.6231244e-02  -5.1744786e-01   1.9029186e+00  -6.7358771e-01  -9.2165257e-01   5.5967555e-01
   1.0000000e+00   4.3341923e-01  -1.5764659e+00  -2.9851509e-01  -5.6187871e-01   1.0309135e-01   1.6926767e-01   7.4509134e-01  -1.8139277e-01   2.1090026e+00   2.4415613e-01
   2.0000000e+00  -2.0964636e+00  -6.0668162e-02  -3.2639961e-01   3.1010569e-01   2.2349141e-02   6.8185919e-01  -2.2193902e+00   6.5577999e-01  -9.3539714e-01   6.4506119e-01
   2.0000000e+00   8.2746831e-01   5.9654023e-01   4.3024241e-01   4.1235522e-01   4.4979038e-01  -9.2948653e-01  -5.3901181e-01  -2.5637672e+00   3.1421152e-01   6.9048380e-01
   2.0000000e+00  -4.2515277e-01   2.8941470e-01   6.1841215e-01   2.3467769e-01   1.3147298e+00   7.3762182e-01  -5.6800038e-01   6.5271014e-01  -1.0175274e+00   1.0285550e+00
   2.0000000e+00  -3.4126692e-01  -6.7441309e-02  -1.1563921e+00   1.8047262e+00   4.5848329e-01   5.9445676e-01  -1.8739955e-02   9.6042980e-01   1.2772016e+00  -1.1596955e+00
   2.0000000e+00   6.7314543e-01   4.0168806e-01  -1.1239471e+00  -6.0830544e-01  -1.7631410e+00   1.3919966e+00   2.6374304e-01  -4.3700969e-01   8.9353940e-01   1.4968703e+00
   2.0000000e+00  -4.5715821e-02   1.0977295e+00  -5.5798934e-01  -8.2276815e-02  -2.1111985e-01   1.4984878e+00   6.5043574e-01  -2.1826909e-01   1.4655227e+00   1.0337818e+00
   2.0000000e+00   2.2128341e+00   1.6533402e+00  -1.3390847e+00  -3.7813890e-01  -3.5680845e-01   6.8597543e-01   2.5673445e-01   4.8209961e-02   6.7926418e-01   7.8651782e-01
   1.0000000e+00   2.0351544e-01   1.6573375e+00   9.9145821e-01  -4.2944623e-02  -1.4219297e-01  -3.4399219e-01  -1.4463238e+00  -6.6580515e-01   4.9648949e-01   1.7645332e+00
   1.0000000e+00   6.6542371e-01  -7.4687476e-01  -5.3282791e-01   1.5917445e+00  -8.2008423e-02   8.8060768e-02   4.0957586e-01  -1.8121517e-01  -9.9319575e-01   4.6114837e-02
   2.0000000e+00  -1.3803909e-01   7.8983397e-01   6.3719532e-01   1.6819268e-01  -6.7297311e-02   1.7880690e+00   1.4219859e+00  -9.8352090e-02   2.1917602e-01   1.4573833e+00
   2.0000000e+00  -1.0145617e+00   4.0791600e-01   5.6844192e-02   4.3204292e-01  -6.0231282e-01  -7.5416717e-01  -8.1868878e-01   2.9087757e-01  -8.2331407e-01   1.7389177e+00
   2.0000000e+00   1.2312417e+00   2.5330563e-01   4.6582093e-01   1.6607544e+00   8.1419584e-01  -2.5957635e-01   8.5711010e-01  -2.1269497e+00   2.7066623e-01   3.4773021e-01
   2.0000000e+00  -1.3451630e+00   5.9892500e-01   3.6171190e-01  -5.3009683e-01  -2.1517773e+00  -5.9405502e-01   3.9801621e-01   1.7964710e+00  -1.2307186e+00  -1.4871875e+00
   1.0000000e+00   6.2430356e-01   9.1896300e-01   1.4999579e+00  -8.5522737e-01  -2.0912747e-01   4.4949640e-01  -2.3208197e+00   3.5903027e-01   1.7943567e+00  -5.1637944e-01
   2.0000000e+00  -1.2716182e+00   1.5004249e+00  -7.0866530e-01   6.4257934e-01   1.7051926e+00   5.3950515e-01   4.8710764e-01   1.4680203e+00  -1.2226365e-01   2.9889290e-01
   2.0000000e+00   1.6878718e+00  -6.0325491e-01  -4.0096376e-01   1.1270553e+00   4.4330677e-01   3.1743377e-01   1.6925582e-01   1.2444168e+00   7.6774397e-01   4.2078076e-01
   2.0000000e+00  -4.5243808e-03   7.8515009e-01   3.5448766e-01   2.0931449e-03   8.8690297e-01  -1.5964197e+00   7.6039698e-02   5.4962613e-01   2.3183370e+00   3.7642752e-01
   1.0000000e+00   8.0811246e-01  -8.3643405e-01   3.9665834e-01   3.8935665e-01   2.9398223e-01   2.2523778e-01   1.1765581e+00   7.4840738e-01  -3.9077371e-01   7.8786944e-01
   2.0000000e+00   1.6728812e+00  -5.4140997e-01   5.2087426e-01   4.1971905e-01  -1.9175708e-02  -1.2741848e+00   4.2937737e-01  -4.7761596e-01  -6.2257615e-01   1.8576272e-01
   1.0000000e+00   1.8880180e-01   7.5891927e-01   8.8262846e-01  -9.7430423e-01   2.2066365e-01  -6.4626389e-01   2.1629992e-01   2.7589264e-01  -1.0864736e-01   2.2744093e+00
   2.0000000e+00  -1.3263454e+00   1.8094873e+00  -7.1762542e-01   1.0426062e+00   1.5883657e+00  -1.1935376e-01  -2.8056617e-01  -1.0032190e+00   1.8308034e+00   1.3940413e+00
   2.0000000e+00  -1.6777207e+00   4.5254293e-01  -1.5159974e-02  -1.0403644e+00  -1.3729324e-01  -3.5117811e-01   3.1926845e-01   3.6327016e-01   1.0626926e+00  -1.4422539e+00
   2.0000000e+00  -8.2288005e-02   7.3663253e-01   3.3886699e-01   1.5642802e-04   2.2131760e+00   1.3814817e-01   1.1445829e+00  -2.1987502e+00  -3.6625570e-01  -1.1617703e-01
   2.0000000e+00  -2.5692969e-02  -9.3156053e-01   7.5539127e-01  -6.2229781e-01  -5.0333213e-01  -2.8159170e-01   1.7319721e+00  -1.0941412e+00   7.6255359e-01   1.1693698e+00
   1.0000000e+00   3.9636710e-01   9.1193575e-01   5.5265198e-01  -2.9947232e-01   1.1571004e+00   3.7422396e-01  -9.5597827e-01  -1.2658209e+00  -9.5117876e-01  -1.7048906e+00
   2.0000000e+00   1.2017768e+00   8.8955382e-01  -2.5849166e-03  -6.8553072e-01   7.7153141e-02   4.2854435e-01  -6.3653531e-01  -5.2562212e-01   4.0557975e-01   7.8846809e-01
   1.0000000e+00   1.5913995e-01   7.8490557e-01   3.7719805e-01   1.5412066e+00   8.5086807e-01   2.5352856e-02   1.3134962e+00   2.7259225e+00  -3.9456697e-01  -6.7363671e-01
   2.0000000e+00  -1.2692545e+00  -1.2912163e+00  -4.6920341e-01  -6.4679600e-01  -9.3361359e-01   1.9078739e+00   1.6103479e+00   2.1155673e+00  -7.5446613e-01  -1.4676204e+00
   2.0000000e+00   1.9642002e+00   1.1105126e+00   2.9682123e-01   8.5357135e-01  -5.5534129e-01   2.3188555e-01  -2.4930440e-01   1.9964445e+00   1.9515350e+00   7.1731613e-01
   2.0000000e+00  -6.4275930e-01  -2.9238186e-01  -1.9035012e-01   7.6494574e-01  -2.8463389e-01  -3.1034336e-01  -4.3639151e-01  -1.5195660e-01   5.6355103e-01  -1.0481523e+00
   1.0000000e+00   2.2598899e-01  -4.7626874e-02   4.3573175e-01   4.0823066e-01   7.6955454e-01   4.3275003e-01  -3.4084806e-03  -7.0733983e-01  -2.1764042e-01  -2.4880503e-02
   2.0000000e+00  -1.1658536e-01   1.0022853e+00   5.7268962e-01  -7.3013949e-01   5.2556169e-02   3.3524605e-01   5.7932473e-01  -1.0031427e+00   6.0514718e-01  -5.0505746e-01
   2.0000000e+00   1.2088940e+00   3.2931037e-01  -2.4653948e-01   4.4606470e-01  -8.9196865e-01   6.1601795e-02   7.8657265e-01   8.2908726e-01   5.3750775e-01  -1.5694442e-01
   2.0000000e+00  -1.2209369e+00  -6.6874785e-02   1.9143501e+00   1.0645253e+00   6.6349794e-01  -1.5161575e+00   1.4932408e+00   1.0023843e-02  -2.6679712e+00   7.6942122e-01
   2.0000000e+00  -4.9424229e-02  -1.3859641e+00   5.5059335e-01  -7.1608819e-01  -1.8041021e+00  -1.2309743e+00  -1.2894552e+00   5.9927503e-01  -3.2029570e-01  -1.2913954e+00
   2.0000000e+00   6.9123494e-01   5.5714904e-01  -5.8129405e-01  -4.1032712e-01  -1.6093752e+00  -1.1568388e+00  -2.4112149e-01   1.9122451e-01  -1.0625644e+00   1.9878276e+00
   1.0000000e+00   5.9705493e-01  -1.5460346e+00  -4.1760488e-01   9.2846539e-01   1.0932490e+00  -3.4046959e-01   7.7671443e-01   1.1457743e+00   6.4979368e-01   1.9080410e+00
   1.0000000e+00   2.8066539e-01   1.2764039e+00  -3.5216912e-01   8.5644302e-01  -8.4344252e-01  -2.0707688e-01  -7.6897711e-01  -1.0959693e+00   1.3910434e+00  -8.0491731e-01
   2.0000000e+00   1.2154765e+00   3.5498018e-01  -6.4465840e-01  -1.4762376e+00  -1.3208468e+00  -1.9240471e+00   6.3954687e-01  -8.4242655e-01  -9.4543485e-01  -4.6026277e-01
   1.0000000e+00   2.2214978e-01   3.6553343e-02   2.8171204e-01   1.4575390e+00  -5.3094705e-01  -5.3063889e-01  -2.0011778e-01  -2.5298376e-01  -5.7012074e-02  -1.8849874e+00
   1.0000000e+00   7.9002099e-01  -3.1288658e-01  -6.8480642e-01  -1.0843813e-01  -1.5611085e+00   5.2314515e-01   2.7077679e-01  -1.6342022e+00  -5.5769841e-01   1.6364676e+00
   2.0000000e+00   5.5404283e-01  -8.7224792e-01   4.8592780e-01  -2.5551173e-01  -1.3874159e-01   8.6386531e-01  -1.6964904e+00  -4.6328213e-01   1.8690420e+00  -6.7768875e-01
   2.0000000e+00  -4.5942462e-01  -9.6621647e-01   1.8304616e+00  -1.3936544e+00  -6.4699501e-01  -9.6215672e-02  -6.1937180e-01   1.1678684e+00  -2.2248493e-01  -1.6826783e+00
   2.0000000e+00  -1.7855704e+00   6.5026875e-01  -8.2744517e-01   7.8612388e-02  -6.4114134e-01  -4.7851785e-01   3.3812751e-01  -1.2981522e+00   4.7077565e-01   2.9874054e-01
   2.0000000e+00  -2.1655287e-01  -5.8129164e-01  -8.0123767e-01  -1.7965482e+00  -1.2388760e+00  -6.6889432e-01   1.0473889e+00   2.7252379e-01   3.1640409e-01   1.6595250e+00
   2.0000000e+00  -7.0171695e-02  -9.4797565e-01  -1.7751599e-01   1.9994422e-01   1.1737902e+00  -2.9364398e-01   2.9958846e-01  -2.1896870e+00  -1.2273534e+00   4.6412902e-01
   2.0000000e+00   3.6456954e-01  -2.6219590e+00  -2.0918425e-01   3.0827262e-01   2.0249816e+00   1.3377839e+00  -5.8607424e-01   9.2579360e-01  -4.9830621e-01   9.8969134e-02
   2.0000000e+00   1.1487474e+00   1.4914888e+00   7.0900012e-01  -1.1835673e+00  -3.3765837e-01  -1.2413906e+00  -1.2972224e+00  -3.1765385e-01   1.5364518e+00   9.5784469e-01
   2.0000000e+00  -3.7052581e-01   2.9624464e-01   9.6158000e-01  -9.5452610e-01   9.3220543e-01  -4.3475722e-01   1.7931513e-01  -4.5232698e-01  -1.5003768e+00  -7.0260463e-01
   2.0000000e+00  -1.4838468e+00   6.9453032e-01  -1.2497283e+00   7.4932287e-01   1.8466211e-01   8.9997159e-01   1.3403798e-01  -4.0444971e-01  -1.9414865e+00   9.9331699e-01
   2.0000000e+00  -3.5827168e-01  -1.3540114e+00   2.4993110e-01   1.0817264e+00   5.7062097e-01   1.9041336e+00   3.6002719e-01  -5.0795833e-02   7.7040553e-01   1.5856069e+00
   2.0000000e+00   1.9947073e+00   4.1644655e-01   1.6955803e-01   1.0153887e-01  -1.4383969e+00   3.0323903e-01  -2.4607183e-01   1.0844919e+00  -1.0209908e+00  -8.5053845e-01
   2.0000000e+00  -1.5211292e-01  -1.5107777e+00  -6.3423517e-01   7.8014925e-02   1.0658928e+00  -1.4550233e+00   3.8475724e-01  -7.2427045e-01   5.5540364e-01  -1.0188273e+00
   2.0000000e+00  -8.5560605e-01  -6.4198650e-01   2.4095447e-01  -1.4370901e+00  -1.1106494e+00   7.5790951e-01  -4.5753041e-01   1.8920821e-01   1.4050420e-01  -8.9214127e-01
   2.0000000e+00   1.4082655e+00  -1.8250958e-01   1.4933539e-01   4.2730057e-01  -6.7990852e-01  -6.4810690e-02   8.8066610e-01   9.9591683e-01  -1.8576902e+00  -1.6258076e+00
   2.0000000e+00  -1.0926016e+00   1.3776877e+00   5.3165694e-02  -1.6365586e+00  -7.0693251e-01  -9.7705450e-01  -9.1901089e-01   1.0899102e+00  -1.9040204e-01   8.7892417e-01
   2.0000000e+00   3.6420594e-01   8.1132492e-01   1.4292421e+00   6.1168256e-01   1.4740891e+00   1.3489281e+00  -1.6033258e+00   1.5833782e+00  -1.3625134e+00   9.8845034e-02
   2.0000000e+00   1.5174176e+00  -5.8304896e-01  -4.2094480e-03   5.2374044e-01  -7.0018789e-01   7.8328206e-01   7.0092974e-01  -8.7601666e-01  -1.0275887e+00   2.3161452e+00
   2.0000000e+00  -1.0913401e+00  -2.1061731e+00   1.1669674e+00  -9.0569187e-01   7.9184444e-01  -1.2165894e+00  -1.0521141e+00  -6.6887055e-01   1.6289115e+00  -1.0418769e+00
   2.0000000e+00  -8.8121777e-02   8.3072497e-02   7.5808091e-01  -1.7068459e+00  -9.1386535e-01  -7.2986725e-01  -7.6737711e-01   4.9733880e-01  -2.8584608e-01   1.7595100e+00
   2.0000000e+00   9.3189894e-01   1.0407711e+00   1.3903388e+00   1.0978194e+00  -2.1863808e-01   3.7637644e-01  -2.6960108e+00  -4.6307767e-01   3.0515846e-01  -8.7636581e-01
   1.0000000e+00   3.6324433e-01  -3.5627944e-01  -7.8236546e-01  -4.6982417e-02   1.6161204e+00  -3.8708927e-01   2.0925258e+00  -5.9888730e-01   1.0020749e+00  -1.2328454e+00
   2.0000000e+00   7.9257159e-01   1.2725709e+00   1.3721733e+00  -5.2356332e-01  -3.6853659e-01   1.6595403e+00  -1.3526264e+00   2.2240133e+00   2.6656000e-01  -1.4454102e+00
   2.0000000e+00  -2.6186171e+00   5.6098050e-01  -4.2187944e-01  -8.0847887e-01   2.8628944e-01  -4.8394671e-01   1.7022139e+00   2.7828086e-02  -2.2934704e-01  -6.9064633e-01
   1.0000000e+00   4.8546753e-02   9.4246743e-02   9.4893746e-01  -1.2506931e+00   7.5611130e-01   4.3464902e-01   1.0518031e+00  -7.1409936e-01  -6.1527330e-01   2.2758244e+00
   1.0000000e+00   2.8279649e-02  -1.0327890e+00  -1.0110844e+00   5.6242251e-01   1.3043322e+00  -8.1175483e-01   1.4816120e+00  -6.5607076e-01   1.2106700e+00   3.3495790e-01
   1.0000000e+00   3.7223040e-02  -8.0501998e-02  -4.3656104e-01   1.4516449e-03  -4.8524975e-01  -3.9431887e-01   8.7805134e-01   1.0866070e+00  -8.4424853e-01   5.9379976e-01
   2.0000000e+00   1.1564118e-01   8.5694665e-01  -1.4810922e+00   1.2597333e+00   2.3941315e-01   2.0939284e+00   2.6653118e+00   6.8882211e-01   3.9918655e-01   3.3448430e-01
   2.0000000e+00  -4.9051472e-01  -1.3998017e+00  -2.3728963e+00  -5.0874007e-01  -1.1412696e+00   1.2101296e+00  -7.0071802e-01   6.7174974e-01  -4.1938069e-01   6.9146144e-01
   1.0000000e+00   3.5255123e-01   4.7974211e-01   5.2165954e-01   2.2361880e+00   1.8307226e+00  -1.4827114e-01  -1.5543270e-01   9.8925596e-01  -2.1339172e+00  -8.5658586e-01
   1.0000000e+00   5.1399456e-01   3.7239309e-01  -1.0425338e+00   1.5861101e+00   4.6435644e-02   1.9071341e-01   6.7180012e-01  -3.8880097e-01  -9.6610100e-01   1.8442856e-03
   1.0000000e+00   6.2924933e-01  -1.7808854e-01  -4.2732557e-01   1.4965737e+00   2.3805774e-01   1.5472385e-01  -4.8382471e-01  -1.3970342e-01  -6.9630830e-01  -1.1607301e+00
   2.0000000e+00  -4.3623268e-01  -7.1977919e-02   3.7735176e-01   7.4852918e-02  -6.8654558e-02  -2.1232319e+00   7.8185646e-01   6.9727106e-01   9.3791705e-01  -9.2885227e-01
   2.0000000e+00   2.3295709e+00   8.6507504e-01  -4.9299957e-01  -1.7720272e+00  -1.0245279e+00   4.3915173e-01   3.7784683e-03  -9.9967028e-01   1.8873606e+00   3.6914290e-01
   2.0000000e+00   1.2095644e+00  -1.0488527e+00  -2.9808966e-01  -9.3966117e-02   1.4676412e+00   1.1106660e-01   3.5265899e-01   1.2594949e+00   1.0118781e-01   1.0177728e+00
   1.0000000e+00   6.0107276e-01   5.1878430e-01  -1.9666817e+00   3.5870702e+00   1.7865240e+00   7.7180870e-01   9.1558864e-01   1.0878855e+00  -8.0536119e-01  -1.1535197e+00
   2.0000000e+00   4.6618052e-01   1.7858942e-01   1.4078875e+00  -3.0904508e-01  -1.6496185e-01   1.2753825e+00   1.4330832e+00  -2.8505487e-01  -2.7239422e+00  -6.8417901e-01
   2.0000000e+00   1.6934528e+00  -2.4931060e-01   3.5855790e-01   1.8508003e-01  -6.6087077e-01  -3.9371262e-01   7.0008576e-01   1.0577913e+00   6.5783586e-01  -4.1035069e-01
   1.0000000e+00   2.9579805e-01   1.7244032e+00   1.1057863e+00   5.3880456e-01  -4.8533928e-01  -4.9653137e-02  -4.3418583e-01   1.9621494e+00  -7.3709479e-01  -2.6512978e+00
   1.0000000e+00   8.8925264e-01   7.3221583e-01   1.2975714e-01  -9.1625483e-01  -4.3414613e-01   2.7283241e-01   1.3979120e-01   9.1152974e-01  -9.2567643e-02  -1.4651939e+00
   1.0000000e+00   1.7465468e-02  -1.8062948e+00  -3.0137246e-02  -2.3663543e+00   9.2307411e-01   2.9411030e-02   8.3939508e-01  -1.5615683e+00   1.1242377e-01   1.1411137e+00
   2.0000000e+00  -1.2862957e-01  -7.0291665e-01   1.1566473e+00   5.6748889e-01   6.2019526e-01  -1.2949667e-01  -1.4301785e+00  -3.4221473e-01   1.1692425e-01  -1.8634994e+00
   1.0000000e+00   5.0302961e-01   1.4857107e+00   3.9510967e-01   9.4082927e-01   1.4089958e+00  -7.3736041e-01   6.5537528e-01   1.4511402e+00  -6.6794963e-01   1.0995202e+00
   2.0000000e+00   1.8154017e+00  -4.9771336e-01   1.4323612e-01  -1.0769893e+00  -6.9751259e-01   5.7842929e-02  -3.8824512e-01   1.0862057e+00   1.8409599e-01   3.7827364e-01
   1.0000000e+00   1.6977037e-01   2.4393163e-01  -1.0134038e+00  -2.3680919e-01   1.3368025e+00  -5.0837306e-01   7.6242077e-01   6.1438237e-01   1.5587694e+00  -6.5413741e-02
   2.0000000e+00  -4.4028668e-01   6.2411263e-01   1.0395434e+00  -3.6005202e-01  -9.4878360e-01  -6.3593057e-01   1.0546689e+00  -3.6526121e-01  -9.1957629e-01   2.1139184e+00
   2.0000000e+00  -5.3850381e-01   1.9626490e+00   8.8232755e-02   2.3728486e+00  -4.5629723e-01   1.5212292e+00  -1.1706971e+00  -2.1944640e-01   2.1121398e-01   9.9081713e-01
   2.0000000e+00  -3.2379485e-01   3.8539971e-01   8.0569243e-01   1.0134892e+00   8.4469661e-01   1.9673490e+00   1.5254156e+00   8.5095771e-02   9.3831084e-01  -1.7951348e+00
   2.0000000e+00  -5.4598181e-01   1.1337998e+00   8.6710234e-01  -3.8508396e-01   5.7870223e-01  -8.8664746e-01   9.0399137e-02  -1.2316407e+00  -1.1355902e+00   8.3189996e-01
   2.0000000e+00   2.7539999e-02  -5.1894707e-01  -6.2726351e-01  -9.3464547e-01  -2.5916806e-01   1.7401257e+00   8.5257516e-01  -5.4072973e-01  -1.4090180e+00  -1.6720273e+00
   2.0000000e+00  -1.5274823e+00   1.9571818e+00  -5.9096992e-01  -4.4843170e-02   1.6257410e+00  -2.2577693e+00  -5.9117414e-01   1.9844541e+00  -9.7976851e-01  -1.0194150e+00
   1.0000000e+00   1.1380614e-01   2.8183940e-02   7.3416174e-01   8.8853732e-01   5.3865879e-01   2.4935523e-01   6.6522082e-01   8.5662936e-01   1.6300851e+00  -4.7538163e-02
   2.0000000e+00  -2.0237599e+00  -2.9885541e-01  -7.4661174e-01   8.7423097e-01  -6.9124980e-01   3.9984531e-01  -8.8202820e-01   6.4192220e-01  -1.3677469e+00   1.2523198e+00
   1.0000000e+00   1.8588662e-01   1.0655544e+00   1.3515915e+00  -6.2960053e-01   8.0159618e-01   8.2897073e-01  -1.6421119e+00  -5.9690351e-01  -1.9987289e+00  -6.9411714e-02
   2.0000000e+00   1.5335331e+00   6.6362896e-01   3.8916120e-01   8.5113978e-01  -8.8086486e-01  -9.2973439e-01  -7.4781770e-02   8.0003025e-01   1.1913638e+00  -4.1269991e-02
   2.0000000e+00   9.2876538e-01  -1.0846272e+00  -9.4471688e-01   6.4720717e-01  -4.7761187e-01  -6.7262969e-01  -1.5910525e+00   5.0792265e-01  -1.4012723e+00  -1.0861385e+00
   2.0000000e+00  -5.9050212e-01  -2.8546553e-01  -4.5991188e-01  -6.7146369e-01   8.5514724e-01  -4.6083945e-01   1.6941749e+00   1.6827158e+00  -7.1150936e-01  -2.4496993e-01
   2.0000000e+00  -2.0143925e+00   9.6336755e-01   1.1401688e+00  -4.5668775e-01  -2.1767087e+00  -1.3153744e+00  -7.7078145e-02   4.8786549e-01  -1.1263800e+00  -2.0714372e+00
   2.0000000e+00   9.5122368e-01  -8.1370293e-01  -3.1100174e-01   1.8555731e+00  -1.0744421e-01   2.3874796e+00   6.3269123e-01   7.4635415e-01   7.4231585e-02   9.3336748e-01
   2.0000000e+00   1.9936232e+00   2.8646478e-01  -6.7975934e-01  -2.5268971e+00   3.9984207e-01  -9.0035000e-02  -2.6392166e-02   5.6057799e-01   1.4064137e+00  -1.8197486e+00
   1.0000000e+00   3.8290464e-02  -6.8543730e-01   4.7987840e-01   3.0533653e-02   8.2080293e-01  -3.7576650e-02   9.4874366e-01  -1.6364203e-01   2.4475864e+00   2.0622516e-01
   2.0000000e+00  -5.3084413e-01   1.8035953e-01  -9.2059889e-01  -1.3021680e+00   1.3224489e+00  -1.4129297e+00   1.4066521e+00   1.0617850e+00  -1.2971388e+00   8.5433430e-01
   2.0000000e+00  -7.1533305e-01  -8.4774847e-02   1.4132722e+00   5.5093662e-01   1.8131029e+00   1.0532455e+00   7.8885635e-01   3.4058648e-01  -1.8243560e-01   3.7678193e-01
   2.0000000e+00  -2.1919821e+00   7.4302672e-01   1.8327525e+00  -7.2678407e-01   1.3806189e-01  -7.2721170e-01  -3.8155170e-02  -8.1961992e-01  -2.0031143e-01   8.4917176e-01
   2.0000000e+00  -3.9779224e-01   3.3561825e-01   7.6704146e-01  -1.3783755e+00  -6.3204303e-01  -9.9836500e-01   2.0181326e+00  -1.5162683e+00   5.3225673e-01   1.0511261e-01
   2.0000000e+00   1.0263197e+00  -2.2996689e+00   3.6680379e-02   3.5615797e-01  -5.3024344e-01   4.8132098e-01   8.2748697e-01   1.2231210e+00  -4.7086887e-01   8.0999989e-01
   2.0000000e+00  -1.1246427e+00  -3.7638961e-01  -4.2395295e-01  -3.0995032e-01   1.5475733e+00  -1.2828101e+00  -2.8192618e-01  -1.2898303e+00   1.1939002e-01   1.2704943e+00
   1.0000000e+00   1.0342336e-01  -2.5159304e-01  -1.4043174e+00   5.2293076e-01   1.2894748e+00   4.6048922e-01  -3.7187861e-01   4.6221474e-01  -2.5503529e-01   2.1530690e-01
   2.0000000e+00  -1.6707512e+00   1.2927514e-01   5.1481108e-01   2.3444976e+00  -6.5208099e-01  -2.4107033e+00  -9.3769901e-01  -9.7943283e-01  -3.3095588e-01  -2.1903837e-01
   2.0000000e+00   7.6749934e-03   1.3047378e+00  -2.1703525e+00  -2.4486949e-01   1.4498691e+00  -2.2616684e+00   8.3060577e-01  -5.8558485e-01  -2.4404230e+00   3.3396287e-01
   1.0000000e+00   1.5731999e-01  -1.6319806e+00   1.1049883e+00   1.5897332e+00  -1.9216137e+00   7.7490130e-01  -1.9148214e+00  -1.0601723e-01  -1.5947688e-01   9.1607486e-01
   2.0000000e+00  -1.1959108e-01   1.3010894e+00  -1.2562554e+00   4.7635674e-01  -2.0675543e-01  -1.6637082e+00  -8.8523930e-01  -8.1427053e-01  -4.1938042e-01  -3.2418658e-01
   2.0000000e+00  -3.2138817e-01  -1.1888800e-01  -1.0513514e+00  -2.4965257e-01   1.7474553e+00   1.6425938e-01  -1.8142870e+00  -3.2994577e-01   5.9003608e-01  -9.4968131e-02
   1.0000000e+00   2.8153423e-01   8.0634796e-01   1.1982378e+00  -2.8478719e-01  -1.2982497e+00  -6.0325582e-01   6.8420799e-01   1.3852672e+00  -3.5216323e-01   8.5523271e-01
   2.0000000e+00   1.2667003e-01   9.9514085e-01   9.2738104e-01   2.8124679e-01   7.4655666e-01   1.2163396e+00  -2.3398479e-01   8.1756933e-01   1.7025578e+00  -4.5095182e-01
   1.0000000e+00   7.2644935e-01  -2.5457158e-01  -1.9603647e+00   8.7904629e-01  -8.2840054e-02   5.2501654e-01  -3.9971554e-01   7.3981299e-01   8.4151747e-01  -5.1489844e-01
   2.0000000e+00  -2.2306197e-01   4.0194410e-01   6.7856814e-01   3.4605922e-01  -7.6628757e-02  -1.9756810e-01  -5.1062499e-01   1.8804574e+00   5.4860257e-01  -4.4425947e-01
   2.0000000e+00  -1.3382124e+00  -9.4866467e-01  -1.0596739e+00  -2.0903743e+00   7.1250085e-01  -1.0809154e+00  -8.2079649e-01  -2.8422600e-01   2.1473299e+00  -1.4460800e-01
   2.0000000e+00   1.3537173e+00   9.1059091e-01   7.9872435e-02   1.3030964e+00  -1.0188889e+00  -2.4625237e-01   8.8524920e-01   1.0826383e+00  -1.5040945e-01   3.5003902e-01
   2.0000000e+00   2.8753096e-01  -5.5156131e-01  -5.2536508e-01  -1.5627099e-01   9.5738231e-01   2.0315762e+00  -6.2452973e-01   3.0144904e-01  -6.0902615e-01   7.0422131e-01
   2.0000000e+00   5.1540082e-01  -4.3583139e-01  -1.3506307e+00  -1.5726445e+00   7.1794976e-02  -1.0073459e+00  -2.6370577e+00  -1.0533166e+00   8.9049366e-01   7.3492449e-01
   2.0000000e+00  -1.6230549e-01   1.7885151e+00  -1.2230095e+00   2.7054840e-01   1.9165001e+00   8.7582565e-01  -1.2573358e+00  -6.1256027e-02   2.1764670e+00   2.2153502e-01
   2.0000000e+00   2.1589085e-01  -7.2997253e-01   1.1859306e+00   6.8849160e-01   1.0983527e+00   1.7252071e+00   6.7517393e-02  -4.2249199e-01  -8.2756757e-01  -2.5139995e-01
   2.0000000e+00  -4.0175062e-01   1.3344112e+00  -2.0154808e+00   6.2094162e-01  -1.8124385e+00   1.4378569e+00  -1.2885752e-01   9.6062609e-01   5.2420091e-02  -1.5857099e+00
   2.0000000e+00  -1.3076633e+00   3.6980568e-02   1.0175933e+00  -1.7435523e+00  -2.2719008e-01   1.3972695e+00  -1.0021801e+00  -8.8083872e-01  -5.2022332e-01  -7.2259253e-01
   2.0000000e+00  -5.3368908e-02  -5.4761324e-01  -3.8244110e-01   1.6281685e-01  -6.6234414e-01   1.4205065e-01  -9.4640218e-01   1.1050689e+00   6.4116885e-02   1.6610769e+00
   2.0000000e+00  -5.3328502e-02   6.0422379e-02  -7.3464762e-02   1.5103077e+00   1.6178015e+00  -1.0330238e-01   8.1059076e-01   2.0089542e-01   2.5542125e+00   1.4428092e+00
   2.0000000e+00   1.5301824e+00  -6.1683953e-01  -1.3701321e-01   8.0984962e-01  -1.0669001e+00  -8.3045168e-01   7.7197568e-02   1.2666084e+00   5.4229871e-02   4.0441828e-01
   2.0000000e+00   2.6214214e-01  -1.3064335e+00  -5.0236656e-01   2.2213009e+00  -5.4471838e-01  -1.9562868e+00  -5.9986837e-01  -1.2134326e+00   1.0479284e+00  -6.2047497e-01
   2.0000000e+00  -2.3910939e-01   4.5779639e-01  -6.1822200e-01   5.9371924e-01  -4.0714460e-01  -1.2916729e+00  -1.9145058e+00   1.1567392e+00  -3.2901746e-01   1.0338003e+00
   1.0000000e+00   5.7547923e-01   1.1691290e+00  -7.9134715e-01  -4.9658647e-01   5.8917400e-02  -4.0405374e-01  -1.5601542e+00   2.3457873e+00   2.8905006e-01  -1.1805296e-01
   2.0000000e+00   4.4415663e-01  -1.1095546e+00   1.1819732e-01  -1.0265553e+00   1.0672572e-01   1.5685776e+00   8.7541632e-01  -1.0736539e+00  -1.3736550e+00  -1.3587373e+00
   2.0000000e+00  -7.1555062e-01  -2.5645007e-01  -1.5744024e+00   4.2660154e-01   1.3219383e+00  -4.9864860e-01  -1.0575192e-01  -1.1290070e+00  -1.0578467e+00   7.1668558e-01
   2.0000000e+00  -1.4055386e+00   1.1787585e+00  -2.1018456e-01   1.3437020e+00  -1.0789078e+00  -1.2558689e+00  -6.7687456e-01   8.8437386e-01   7.4069360e-01  -1.5756548e-01
   2.0000000e+00  -9.3042099e-03   1.0745508e-01   8.8691823e-02  -1.9885692e+00   4.0698993e-03   4.3226471e-01   6.6781045e-01   5.9883022e-02   4.2589269e-01  -8.5837036e-01
   2.0000000e+00   7.6476776e-01  -2.7746698e-01   6.4056651e-01   9.1506383e-01  -6.9198191e-03  -2.2808850e+00   2.0361266e+00  -7.2229944e-01   2.2496600e+00  -3.5374609e-01
   2.0000000e+00  -1.6160155e+00   1.7655093e+00   2.2024849e+00   6.5638107e-01   8.7641685e-01   1.4417863e-01  -2.6445307e-01  -1.8408653e-01   1.7462792e+00   3.4340098e-01
   2.0000000e+00  -2.1342806e-01  -3.6364921e-01  -9.6554381e-01  -7.4951741e-01  -6.3159537e-01  -1.1585187e-01   3.6268023e-01  -4.4949176e-03  -1.1276854e+00   4.7125746e-01
   2.0000000e+00  -7.3295373e-01  -8.1963189e-01  -1.2333560e+00   6.9489947e-01   4.7794934e-02  -9.9124379e-01  -1.1507380e+00  -9.4774424e-01  -1.5672433e+00  -1.0463065e-01
   2.0000000e+00  -4.3567049e-01   7.4386066e-01  -6.9085771e-01   5.8126415e-02  -1.2399954e+00  -2.6603687e-01  -1.2355853e+00  -1.1447853e-01  -1.0067904e+00  -9.0132464e-01
   2.0000000e+00  -1.0291416e-01  -9.0292772e-02   1.5307192e-01   1.0211149e+00  -8.6513187e-02   7.5106060e-01   6.7543638e-01   3.8885107e-01  -6.4584147e-01  -5.2712791e-01
   1.0000000e+00   7.5570201e-01  -8.7920741e-02  -2.2124107e-01   1.1623866e+00  -5.0537139e-01  -1.5599180e-01  -9.9176082e-02  -8.1434580e-01  -8.8917834e-01  -6.9090282e-01
   1.0000000e+00   4.2574141e-01  -4.9925459e-01   3.8672946e-01  -1.3864524e-01   6.7607215e-01   2.9839748e-01  -5.4360682e-01  -9.1129137e-01   6.7998254e-01   1.5408521e+00
   2.0000000e+00  -1.2117266e+00   1.6723752e+00   6.1904724e-01   2.0117777e-01  -2.9186425e-02  -7.9722166e-01   1.5481879e+00  -2.3910602e-01   4.7872657e-01   1.7691117e+00
   2.0000000e+00  -7.8368956e-01  -1.2925760e+00   3.6054027e-01  -6.3073559e-01  -1.2384311e+00  -3.1011682e-01  -1.2108940e+00   1.1245599e+00  -1.5994259e+00   1.4870415e+00
   1.0000000e+00   9.2620195e-01   4.2131530e-01   7.4975974e-01  -3.6331239e-01   2.2541594e+00   6.8344134e-03  -3.8204667e-01  -1.3630825e+00   2.2498261e+00  -2.8163985e-01
   2.0000000e+00   8.7555332e-01   6.0049147e-01  -1.6791778e+00   2.1104841e-01   1.2271783e+00  -1.0699509e+00   3.8799085e-02   3.7895985e-01  -9.9842861e-01   3.8344803e-01
   2.0000000e+00  -1.2760118e-01  -6.4335853e-02  -4.0789690e-01  -6.0164699e-01  -1.4797634e+00  -1.0753729e+00  -1.6233566e+00  -1.7338593e-01   1.4350453e+00   1.6764485e-01
   2.0000000e+00   5.4673470e-01   5.8717291e-01  -3.7637260e-01  -2.5575808e+00   4.1529437e-01  -1.0985339e+00   6.4739508e-01   5.2401594e-01   7.1369489e-01  -4.5271277e-01
   2.0000000e+00  -1.6000257e+00  -1.3175488e-01  -8.6123953e-01   1.4825416e-01  -1.3749805e+00  -7.5172338e-01   7.1782130e-01   5.9489414e-01   9.1771375e-01   1.7803405e+00
   2.0000000e+00  -7.4584280e-01  -1.1524227e-01  -6.2020396e-01   1.3116065e-01   1.0945843e+00   2.9030555e-01  -1.4694233e+00   2.6517777e-01  -2.7983041e-01  -2.2833135e+00
   2.0000000e+00  -3.5121020e-01  -1.4500916e-02  -6.4025642e-01   1.4760548e+00   1.5522612e+00   1.6410963e+00  -6.0434117e-01   9.8624882e-01   1.3095475e+00  -1.0271514e-01
   2.0000000e+00  -1.0097418e+00   1.7264807e+00  -9.5850362e-01   9.2955701e-01   2.5990743e+00   2.2653308e+00  -6.7576674e-01   1.6302544e+00   1.0054513e+00  -1.9858439e+00
   1.0000000e+00   7.3221933e-01  -2.6530130e-02   1.4951946e-01   5.9735886e-01  -4.2044756e-02   1.5643816e-01  -4.9398513e-01  -2.2618344e-01  -1.1885132e-01   2.0705255e-01
   2.0000000e+00   1.1745142e+00   1.0054030e+00  -8.1817706e-01  -2.6238675e-01  -8.9726543e-01   5.6317300e-01  -2.1542750e+00  -3.0953559e-01  -7.9888255e-01  -7.0610819e-01
   2.0000000e+00   1.4771879e+00   3.9106615e-01   1.6198373e+00  -3.1939330e-01   3.1160844e-01   1.3391090e-01  -5.2707584e-01   1.6024330e-01  -8.1432540e-01  -1.4023414e-02
   2.0000000e+00  -5.2393523e-01  -9.8829994e-01  -7.8877524e-01  -1.3488311e-01   3.3891615e-01  -1.1569129e-01   2.3961416e-01  -5.0533878e-01   4.6374059e-01   1.0605746e-01
   2.0000000e+00   1.8764244e-01  -2.3876088e-01   1.0857070e+00   7.5161608e-01  -6.4740973e-01  -1.6970873e+00   3.0228375e-02  -1.1553909e+00  -1.2056430e+00  -7.0726342e-01
   2.0000000e+00  -3.8635811e-03   3.8375863e-01  -9.0435904e-01  -3.1916880e-01   5.4860907e-01   4.1229514e-01  -1.1075473e+00  -4.2688660e-01   2.8903785e-01  -7.3278239e-02
   2.0000000e+00  -1.0587586e+00  -5.2403785e-01  -1.5479946e-01  -3.5822153e-01  -2.1132955e-01  -1.2132597e+00   3.7296133e-01  -8.2448282e-01   9.0885860e-01   4.7127763e-02
   2.0000000e+00  -3.2886387e-02  -6.1034353e-02  -1.9579074e+00  -4.0480588e-01  -1.6560766e+00   4.3590782e-01  -1.0486910e+00   2.1231376e-01  -1.4522509e+00   6.7851147e-01
   2.0000000e+00  -2.4111266e+00   4.2195339e-01  -1.3377788e-01   9.0453383e-01  -7.6323308e-01   3.0168262e-01   1.7920223e+00  -2.7608811e-01  -1.5525257e+00   5.6741792e-01
   2.0000000e+00  -8.9791958e-01   1.4021533e+00  -4.6722766e-01   7.4550329e-01  -2.9670928e-02  -2.3553178e+00   6.0447380e-01   4.5001827e-01   6.3444094e-01  -3.2587690e-01
   2.0000000e+00  -9.3366123e-02  -1.4614211e+00   4.3421461e-01  -8.6068535e-01  -2.2449542e-01   1.3228880e-01  -6.5764380e-01  -2.1783970e+00   1.7124159e-01   9.9863940e-02
   2.0000000e+00   1.3272680e+00   1.6590902e+00   5.8691584e-01   1.0207848e+00   4.2434801e-01   4.8648866e-01   1.0603177e-02   1.0320804e+00  -2.0379480e-01   1.4465519e+00
   2.0000000e+00   1.5760074e+00  -1.1255675e+00  -1.8682837e+00   1.2238277e+00  -6.8616526e-01  -4.8930157e-02  -1.4303868e-01   5.6502985e-01  -6.2641555e-01  -1.0975598e+00
   2.0000000e+00   3.5948838e-02  -5.0305651e-01  -7.7151207e-01   4.4956846e-01   7.5199402e-01  -1.6642881e+00   3.8888893e-01  -6.5455306e-01   1.0942341e+00  -3.5843535e-01
   2.0000000e+00   1.3161739e+00  -1.1761711e+00  -1.0171993e+00  -8.4242498e-02  -6.8758417e-02   1.9288266e+00   1.0272266e+00   2.1493123e+00   1.9934463e+00  -2.3639538e-01
   2.0000000e+00  -1.9660120e-01   1.3299611e+00  -8.4823160e-01   3.4256561e-01   2.4389985e+00  -1.7441202e+00   6.0229017e-01   5.5231829e-02   2.3452224e+00  -1.9397015e+00
   2.0000000e+00  -1.0368691e+00   1.5081153e-02  -2.2519826e-02  -4.4507438e-02  -1.3989208e+00  -2.2663759e+00  -6.5955808e-01   1.4058013e+00  -7.3887882e-01   1.4653692e+00
   1.0000000e+00   1.7206232e-01   5.8156581e-01   5.5347759e-01   3.2827007e-01   8.6297238e-01  -5.3635605e-01   3.2165404e-01  -2.2357670e+00   2.3142725e-01  -2.1371145e-01
   2.0000000e+00  -3.7080023e-01  -5.7404778e-01   1.1684678e+00   2.1937054e+00  -1.3002756e+00   8.6381839e-03   1.3333519e+00   1.1456199e+00   3.3141359e-01  -1.6629983e+00
   2.0000000e+00  -6.6764658e-01   1.5285619e+00  -2.4071686e-01  -6.4437399e-01   3.7054905e-01   5.6458273e-01  -6.9972274e-01   3.5189386e-01   4.1439154e-01   1.2310804e-01
   2.0000000e+00  -1.2861833e+00  -2.3828429e+00   2.2582437e+00   4.5416065e-01   6.8835300e-01  -1.8081764e-01  -8.3917613e-02   4.1731856e-01   4.2098182e-01   4.7301414e-01
   2.0000000e+00   8.6436218e-01   2.4081049e+00  -5.0003502e-01   5.9466941e-01   6.8278044e-01   8.4080807e-02   1.8855500e-01   1.0740616e-01   1.2537080e+00  -9.2505165e-02
   2.0000000e+00   5.9083700e-01  -1.2542393e+00  -6.7822775e-01   1.2469201e+00   7.2125568e-01  -2.0415236e+00   1.8199294e+00  -2.0801265e+00  -1.8100937e-01  -7.7694299e-01
   2.0000000e+00   2.0212868e+00   1.6935544e-01   1.4307390e+00  -1.6303831e+00   3.9987868e-01  -9.4352057e-01   6.7099538e-01  -6.8009010e-01  -1.2605931e-01  -1.1425577e+00
   2.0000000e+00  -2.4943768e-01   7.4564360e-01  -7.8466578e-01   2.2082952e+00  -1.5467828e+00   9.9841865e-02   1.4743209e+00  -7.9413497e-01   4.7963201e-01   9.7334134e-01
   1.0000000e+00   8.2764688e-01  -6.2109168e-01   5.7491668e-01   3.5829162e-01  -4.8842329e-01   1.8345003e-01   8.9504646e-01   5.9043985e-01   3.2811773e-01  -7.0588234e-01
   2.0000000e+00   1.6038650e+00   1.6120896e+00  -3.7037255e-01   1.6879989e+00  -1.9364711e+00  -1.3878995e-01   1.9671728e+00   5.9553597e-01  -6.4653785e-01  -1.5889013e+00
   2.0000000e+00  -8.3259782e-02  -1.3744322e+00  -1.0905619e+00   4.4961349e-01   8.1333844e-01   9.1882884e-02   6.5577165e-01   1.7999706e+00  -2.4101588e-01  -6.9458329e-01
   2.0000000e+00   5.9604839e-01  -3.3638130e-01  -3.7727625e-01  -1.2078686e+00  -6.6372212e-01   9.9136991e-01  -1.1386650e+00  -2.7952331e-01   6.0541984e-01   1.1698140e+00
   2.0000000e+00   7.3489596e-01   1.8881551e+00   1.3056293e-01  -1.2083927e+00  -5.2458316e-01  -8.2899877e-01  -2.3021833e-01  -1.8217531e+00  -7.6818168e-01  -1.7271714e+00
   2.0000000e+00  -2.0323136e-01  -4.0476475e-01  -1.4719395e-01   4.2788911e-01   7.0643229e-01  -2.8112567e-01  -8.4829678e-01  -1.4833661e+00  -2.0767098e-02  -7.3925054e-01
   1.0000000e+00   3.9664244e-01  -2.5563368e-01   5.7205048e-01   1.0918678e+00   9.4747666e-01   7.9443323e-01  -7.8392192e-02  -1.4650786e+00  -1.4372609e+00  -1.1592750e+00
   2.0000000e+00  -5.2680555e-01  -1.3575836e+00  -1.8410984e+00   7.6707489e-01  -5.0419203e-01   8.5969792e-01   1.3966675e+00  -7.2058533e-01   9.1647462e-01   3.3495689e-01
   2.0000000e+00   1.2482168e+00  -2.9531605e-01   6.3531186e-04  -3.0655272e-01  -1.4551364e+00   1.5591603e+00   8.4508555e-01   2.9498167e+00  -4.4980399e-01  -3.5906092e-01
   2.0000000e+00  -8.0715678e-01  -9.2898447e-01   7.5978681e-01  -4.7767326e-01   1.1067504e-01  -1.2574309e-01   7.6612625e-01  -2.6055295e+00  -1.4198221e+00   8.3379598e-01
   2.0000000e+00   1.1818398e+00   1.8482126e-01  -1.5476081e+00   8.9818958e-01  -1.2789553e+00   8.6206511e-01   9.0710978e-01   8.7744739e-01  -1.6306753e+00   1.1117102e+00
   2.0000000e+00  -7.3661637e-01  -4.4589126e-01   2.5611310e-01   5.3319826e-01  -8.9055249e-01  -2.2250366e+00   1.5043750e+00  -1.8367622e-01   4.2622455e-01   3.7909824e-01
   1.0000000e+00   3.8377939e-01   4.4358809e-01   1.6533213e-01   1.4320350e+00   3.0896604e-01  -1.0363922e-01   8.5740295e-01   7.5598236e-03   5.0680215e-01   7.7096264e-01
   2.0000000e+00  -6.2919118e-01  -3.2916419e-01   1.3804397e+00   1.8406434e+00   1.9678321e-01   9.7393822e-01  -5.0055657e-01  -9.6522888e-01   1.8907540e+00  -1.8064940e+00
   1.0000000e+00   7.7801377e-01  -5.2269432e-01  -3.3705661e-01  -4.6468868e-01   4.3847402e-01  -4.3329732e-01   1.5913157e+00  -1.0352870e-01   3.3065453e-01  -1.2500573e+00
   1.0000000e+00   3.2617846e-01  -8.7174501e-01   1.0071179e-01   4.3543614e-02   2.1456671e-01   7.0757579e-01  -2.7978479e-01   1.2739660e+00  -1.0244339e+00  -1.2792543e+00
   1.0000000e+00   2.5486548e-01   9.6777586e-01   2.2264849e+00  -7.6742391e-01  -1.1218672e+00  -2.1225730e-02  -7.1597512e-01   3.0084313e-01   4.1488349e-01   7.9379161e-01
   2.0000000e+00  -8.8043169e-01  -4.5719221e-01   1.9846920e+00   1.4278550e-01   4.0498638e-01  -7.8345673e-01   1.7255007e+00  -1.1562024e+00  -1.2548793e+00  -2.0580161e+00
   2.0000000e+00  -2.7064688e-01   1.7160248e-01   1.7451032e+00  -1.0138083e+00   4.6664217e-01   3.3885121e-01   5.7988678e-01  -1.4587361e+00   1.0144636e+00  -1.1634275e+00
   2.0000000e+00  -6.1251557e-01  -7.9695928e-01   1.1899499e+00  -8.6794315e-01  -1.6441954e+00   4.8330488e-01   7.0369335e-01   1.4180096e+00  -1.0187439e+00  -1.9249000e+00
   2.0000000e+00  -7.4654029e-01   3.1169718e+00  -2.1449738e+00   1.8865052e-01  -5.6042528e-01  -1.5727631e+00   9.0711599e-01  -5.3091636e-01  -1.6103042e+00  -1.2421652e+00
   2.0000000e+00  -3.4892421e-01   9.4032706e-02   3.9446541e-01  -1.4280812e-02   1.1297204e+00  -9.0216884e-01   6.0082818e-01  -2.4987273e+00   3.5251166e-02  -1.5692812e+00
   1.0000000e+00   6.0553666e-02   1.5831093e+00   8.1591240e-01  -1.1668272e-01  -6.5878077e-02   4.4554733e-02   1.3453643e+00   7.0045627e-01  -3.2411003e-01  -1.0593124e+00
   2.0000000e+00   1.8770503e+00  -2.8333418e-01  -4.2620184e-01   1.4894137e+00   1.4390205e+00   7.1281952e-01  -2.0034228e+00  -1.0517086e+00  -2.3493320e+00  -9.2821633e-02
   2.0000000e+00   1.0048333e+00   1.0608252e-01  -1.6918817e+00   6.1051989e-01   8.7015638e-01   8.4801556e-01  -1.4114072e+00  -2.5169432e-01  -4.8044566e-01  -2.6149331e-01
   1.0000000e+00   4.8367441e-01   2.4965495e-01   1.2771390e+00  -7.7678091e-01  -1.3798817e+00   1.6367071e-01  -1.1105648e+00  -6.5025211e-01   5.4041851e-03   2.1184095e+00
   2.0000000e+00   1.7159622e+00  -4.7532728e-01  -1.4184129e-01  -1.0429405e-01   1.8333440e-01   2.5888787e+00  -2.5953158e-02  -8.6798890e-01   4.9959984e-01  -2.3531642e-01
   2.0000000e+00  -2.2799607e-01  -5.7293491e-01   8.3916806e-01   7.1965906e-02  -1.8095358e+00  -5.4970267e-02  -1.6699779e-01   2.7430007e-01  -8.0691931e-01  -1.1039677e+00
   2.0000000e+00   1.1017994e+00   2.2997767e+00   2.8355438e-01  -1.2602282e-01   1.1937370e+00  -8.6375027e-01   1.7834420e+00   1.9649238e+00  -6.4171725e-01  -3.4015649e-01
   2.0000000e+00   7.6139613e-01  -1.2948330e+00  -8.3038752e-01  -9.7447541e-01  -2.0004841e+00   1.7894426e+00   5.6997949e-01   5.0683713e-01   1.7800511e-01   8.9535046e-01
   2.0000000e+00  -1.6509655e+00   1.5905422e-01  -1.9440957e-01  -1.9563334e+00  -1.2698728e+00  -1.5387990e+00  -1.1838862e-01  -3.4667721e-01   4.5214157e-01  -3.6855204e-01
   2.0000000e+00   5.6152049e-01  -2.3685056e-01  -3.8626317e-01  -6.0170564e-01  -2.9298398e-01   1.1862916e+00  -2.3735720e+00   1.1327928e+00  -1.5254032e+00   4.9070231e-01
   2.0000000e+00  -3.7342596e-01   1.0387004e+00   5.6912517e-01   1.9202534e-01  -1.1777806e+00  -6.6987809e-01  -6.9235727e-01   1.4966628e+00  -7.6928506e-01   1.1094532e+00
   2.0000000e+00  -8.1263893e-01  -9.9081734e-01   1.9188144e-02  -4.2897375e-01   1.1594469e+00  -1.7357683e+00   4.7457510e-01  -1.4771602e-01  -7.9409997e-01  -1.0609978e+00
   1.0000000e+00   4.1980248e-01   1.3062340e+00  -2.5567569e-01   1.8601974e-01  -5.7322780e-01  -9.1496735e-02   1.2407239e+00   1.1334162e+00  -1.7660655e+00  -1.2108395e+00
   1.0000000e+00   8.2422366e-02  -7.6530471e-01   3.7523509e-01  -2.3186374e+00   6.9211319e-01  -7.8515334e-01  -5.2472402e-01   2.3472885e-02  -9.8177736e-01  -7.1209720e-01
   2.0000000e+00  -4.6397673e-01   1.4631679e-01  -9.8900143e-01   1.2540135e+00  -1.4304922e+00  -1.6084139e-01  -8.0916680e-01  -1.3979687e+00   4.7707455e-01   2.6348224e-02
   2.0000000e+00   1.2518990e+00   3.4067256e-01  -1.9733530e+00   9.8153880e-01   3.3314832e-01   1.4994339e+00   6.7348984e-01  -1.0356381e-01  -8.3149658e-02  -7.0682797e-02
   2.0000000e+00   1.0667625e+00   9.9365674e-02   3.7087472e-01  -3.1900055e-02  -1.6677925e+00  -7.6498327e-01   3.9566866e-01   1.5796444e+00  -6.4118405e-01  -1.1170323e+00
   2.0000000e+00  -1.4201067e+00  -8.1595614e-01   1.8465952e+00  -5.4296383e-01   1.2347366e-02  -1.5076129e+00  -1.6861419e+00  -8.7322992e-01   3.8011177e-01  -1.2358098e+00
   2.0000000e+00  -1.6927689e-01  -8.4042659e-01   1.5574980e+00   3.6403124e-01  -1.3808201e+00   8.1998926e-01   1.1525317e+00   1.4758508e+00  -1.2381457e+00  -5.0771238e-01
   2.0000000e+00   1.4900536e+00  -1.3207652e+00   3.4603564e-01   9.4372427e-01  -1.6106392e+00   2.5593143e-01   1.4323269e+00   1.0310768e-01  -2.3508224e+00  -1.9004290e-01
   1.0000000e+00   4.9096528e-01  -2.5254085e-01  -1.6285513e+00   6.5310025e-01  -4.0042372e-01  -2.4139828e-01  -6.6332351e-01   9.0221744e-02  -8.7464163e-01   4.0592321e-02
   2.0000000e+00  -2.0812192e-01   1.6746950e+00  -1.0500689e+00  -6.1713988e-01  -2.3118070e+00   7.6860630e-01  -2.0277413e-02  -1.3315084e-01   7.1575013e-01  -1.1839871e+00
   1.0000000e+00   4.4622670e-02   1.3242378e-01   6.9478827e-01   5.0308077e-01   9.5921424e-01  -4.2586988e-02   2.2638002e-01   1.7147492e+00  -2.6233765e-01  -4.7105755e-01
   2.0000000e+00  -3.7259983e-01  -1.1415274e+00  -1.3599954e+00  -1.0828432e-01   3.5502935e-01   3.3393326e-01   3.1564769e-01   7.7642987e-01   7.5556266e-01   1.4828419e+00
   2.0000000e+00  -4.0963320e-02  -6.1379120e-01  -3.6659738e-01  -4.2376698e-01  -9.3715957e-01  -1.3449316e+00   2.0491163e+00  -1.7807179e+00   1.6367618e+00   8.1772804e-02
   2.0000000e+00  -1.2460933e+00  -5.4523367e-01   2.5284957e-01  -1.0926626e+00  -4.6596763e-01   2.7852570e-01   3.9110213e-02  -6.6901619e-01  -4.3913254e-01   2.7000785e-01
   2.0000000e+00  -1.1163011e+00   1.4467526e-01  -4.9284891e-01   9.1694681e-01   5.8918470e-01  -2.1789578e-01   5.1930282e-02  -7.1912666e-01  -2.1592195e+00  -1.4619661e-01
   2.0000000e+00  -8.3232641e-04   9.3337450e-01   9.9667368e-01  -5.9172788e-02  -4.9900149e-01  -5.9696714e-01  -8.4653770e-02   7.5366319e-01   1.1539602e+00   9.4949368e-01
   2.0000000e+00   1.1411354e-01   4.3124186e-01  -1.0258958e+00  -1.2665825e+00   1.2727172e+00  -1.1030640e+00  -9.3810457e-01  -1.4789584e+00  -2.4457080e+00  -7.2158123e-02
   2.0000000e+00  -2.0440320e+00   8.7755648e-01  -3.4098789e-01  -7.6029191e-01  -3.4805052e-01   4.1271604e-01   1.4048286e+00  -2.6239914e-01  -2.7855329e-02   1.0922358e+00
   2.0000000e+00   5.9787882e-01  -1.0348873e+00  -3.7747771e-01   4.9561311e-01  -6.8131503e-01  -1.6920761e+00   9.9708797e-01   2.1800218e+00   6.5140337e-01  -2.5588813e-01
   2.0000000e+00  -3.8627811e-01  -1.8599932e+00  -1.0154130e+00  -8.6802442e-01   4.2943819e-01  -1.7208879e+00  -1.6876301e+00  -1.0180670e+00  -8.4296837e-01   1.0403884e+00
   2.0000000e+00   1.8844272e+00  -4.6434820e-01   6.5582644e-01  -3.1085832e-01  -3.1489423e-01  -1.3745733e-01   2.1257716e+00  -4.4759606e-01  -1.1612376e+00   2.3138370e-02
   2.0000000e+00   1.4028324e+00  -7.3171835e-01  -2.9988953e+00   1.4766225e+00   8.8196140e-01  -5.2615521e-01   6.2055684e-01   1.5828553e-04   1.4239565e-01  -2.1877793e+00
   2.0000000e+00  -9.2845383e-01   9.7522914e-01   1.8728928e+00  -1.8796114e-01  -1.4187238e+00   2.1305988e+00   6.9313739e-01   4.6382215e-01  -3.8036617e-01   4.0186210e-01
   2.0000000e+00   1.5282982e+00   9.8506689e-02  -9.5667109e-01  -2.1068115e+00   5.4999794e-01  -1.2545358e+00  -6.2040894e-01   4.3117794e-01   3.9887459e-01  -2.2368535e+00
   2.0000000e+00  -6.7700196e-01   7.0373980e-01  -3.1498466e-01   1.1710529e+00  -8.1943434e-01  -8.5091419e-02  -1.4180158e+00  -1.7035372e-01  -6.7207340e-02   2.4965306e+00
   1.0000000e+00   4.5723357e-02   1.4160865e+00   1.3598277e-01   3.7736389e-02   8.5583080e-01   1.6048536e-01  -1.3268722e+00   1.2137976e+00   1.3388588e+00  -1.1202291e+00
   1.0000000e+00   3.7208138e-01  -1.5320708e+00   4.7541496e-01  -5.2044720e-01   1.3665575e+00  -2.1657439e-01  -3.1228154e-01   2.8611441e-01  -5.4472892e-01  -1.2684751e+00
   2.0000000e+00   2.1018018e+00  -2.0587288e-02  -1.6143899e+00   1.2982758e+00  -5.2471649e-01  -4.8267150e-01  -1.3623873e+00   8.8109776e-01  -7.9165188e-01   6.9657217e-01
   2.0000000e+00  -3.5456016e-01   1.1900354e+00   7.3905349e-01  -3.8498276e-01   1.1300267e-01   7.8393182e-01  -1.3201478e+00   8.2076884e-02  -7.1994346e-01   9.3489182e-02
   1.0000000e+00   3.6111178e-01  -5.3424233e-01   5.7454750e-02  -1.1627483e+00   1.6334872e+00   3.2449498e-01  -2.4696819e+00  -6.1600453e-01  -1.1546100e+00  -9.2605045e-02
   2.0000000e+00  -1.7562624e+00  -5.2919380e-01  -1.1388695e+00  -3.2400886e-01  -1.3071808e+00  -7.1493657e-01   2.1276448e+00   1.4555520e+00   1.4890656e+00   7.2880836e-01
   2.0000000e+00  -3.2978066e-01  -1.8388175e+00  -1.2066008e+00   3.4806644e-01   1.4967220e+00   1.5120813e+00   1.4204981e+00   6.0992215e-01  -1.4352169e+00  -2.1194601e-01
   2.0000000e+00  -1.0714424e+00  -1.5654472e+00   4.9172000e-01  -1.0505350e+00  -1.7115804e+00   7.9839722e-01   7.3124312e-01  -1.1918488e+00   5.6981314e-01   1.9752231e-01
   2.0000000e+00  -3.4077582e-01   2.7895753e+00   9.5230049e-01   1.9509764e-01   7.6270116e-02  -1.5840328e+00   4.7676021e-01  -1.9520310e+00   4.8824287e-02  -1.4416014e+00
   2.0000000e+00  -7.0153503e-01  -6.7808412e-01  -1.6157864e-01   4.8844971e-01  -5.5929684e-01   7.5674056e-01  -6.0759765e-02   9.8926288e-01  -6.2385286e-01   5.9521780e-01
   2.0000000e+00  -1.6109437e-01   8.6093273e-01  -6.0062065e-02  -7.4063551e-01  -1.2529149e+00   1.3342559e+00  -9.8822405e-01   1.2442073e+00   6.7871024e-02  -3.4106110e-01
   2.0000000e+00  -1.7908249e+00   9.2158699e-01   2.9133228e-01  -9.9620112e-01   3.1234061e-01   2.1708609e-01  -1.6003609e+00   1.2017476e+00  -1.3324867e-01  -2.9642351e-01
   2.0000000e+00   6.7694792e-01  -7.0792537e-01  -2.4081649e+00  -1.0439522e+00   1.7835944e+00  -8.2419420e-01   7.8293485e-01   1.7543602e-01   2.1346400e-01   4.0111358e-01
   2.0000000e+00  -9.0484480e-01   5.7273768e-01  -1.8303423e+00   1.8360046e-01  -5.1669435e-01   1.0283685e+00   1.5177180e+00   2.2845055e-01  -1.4914359e+00   2.2731555e+00
   2.0000000e+00  -3.7803931e-02  -9.6772931e-01   1.0001637e+00   1.5416480e+00   2.6258774e-01  -2.0500621e+00  -2.8329839e-01  -6.7080254e-01  -9.1937510e-01   1.3454806e+00
   1.0000000e+00   5.8787072e-01   2.7059840e-01   7.8682835e-01  -1.7456166e-01  -1.0186710e+00  -5.0228079e-01  -9.6117365e-01   3.1994581e-01  -1.1239843e+00   8.2621549e-01
   2.0000000e+00   9.3779799e-01  -5.7717739e-01  -7.0289072e-01   3.2898034e-01  -6.9426469e-01  -1.2857785e+00   1.9955030e+00   2.3589571e+00  -8.1766202e-01  -2.2631528e+00
   1.0000000e+00   1.0826641e-01  -4.6974541e-02  -2.0701464e-01  -1.2727355e+00  -7.4955363e-01   4.5228641e-01  -1.6816207e+00  -6.3553713e-01  -7.6943255e-01  -1.5494868e+00
   2.0000000e+00   1.4373788e+00   2.5739628e-01   4.3686819e-01  -8.1435480e-01   2.8649827e-01  -1.2138624e+00  -1.7769817e-01   7.0329864e-01   2.5847258e-01   6.0358404e-01
   2.0000000e+00  -1.9847249e+00   1.9752105e+00   2.8418842e+00  -2.2283127e-01   1.0031860e+00   4.6144833e-03  -4.9827949e-01  -1.0298727e+00  -9.5922567e-01  -7.7399431e-01
